0 8
1 50
2 24
3 9
4 31
5 23
6 45
7 29
8 24
9 10
10 41
11 16
12 43
13 43
14 38
15 4
16 28
17 30
18 41
19 13
20 4
21 20
22 10
23 8
24 11
25 34
26 50
27 29
28 17
29 36
30 48
31 27
32 13
33 18
34 11
35 34
36 30
37 50
38 30
39 22
40 18
41 23
42 44
43 37
44 36
45 46
46 29
47 42
48 45
49 8
50 2
51 4
52 9
53 45
54 19
55 41
56 25
57 47
58 31
59 4
60 23
61 17
62 50
63 25
64 2
65 4
66 28
67 9
68 29
69 34
70 49
71 32
72 36
73 14
74 16
75 15
76 14
77 37
78 26
79 20
80 16
81 45
82 30
83 2
84 18
85 46
86 6
87 5
88 2
89 49
90 39
91 24
92 6
93 33
94 3
95 17
96 17
97 38
98 39
99 45